0.00  0.0312314
0.10  0.0267812
0.20  0.0247218
0.30  0.0231954
0.40  0.0222447
0.50  0.0215607
0.60  0.0209782
0.70  0.0203883
0.80  0.0198201
0.90  0.0192430
1.00  0.0186927
1.10  0.0182130
1.20  0.0177697
1.30  0.0173689
1.40  0.0169482
1.50  0.0165599
1.60  0.0161721
1.70  0.0157923
1.80  0.0154176
1.90  0.0150571
2.00  0.0147157
2.10  0.0143767
2.20  0.0140596
2.30  0.0137473
2.40  0.0134457
2.50  0.0131529
2.60  0.0128798
2.70  0.0126054
2.80  0.0123427
2.90  0.0121094
3.00  0.0118847
3.10  0.0116178
3.20  0.0113695
3.30  0.0111212
3.40  0.0108846
3.50  0.0106679
3.60  0.0104607
3.70  0.0102566
3.80  0.0100494
3.90  0.0098323
4.00  0.0096499
4.10  0.0094383
4.20  0.0092395
4.30  0.0090667
4.40  0.0088850
4.50  0.0087124
4.60  0.0085599
4.70  0.0084105
4.80  0.0082567
4.90  0.0081106
5.00  0.0079879
5.10  0.0078674
5.20  0.0077284
5.30  0.0075977
5.40  0.0074799
5.50  0.0073539
5.60  0.0072174
5.70  0.0070860
5.80  0.0069730
5.90  0.0068612
6.00  0.0067467
6.10  0.0066370
6.20  0.0065185
6.30  0.0064019
6.40  0.0063081
6.50  0.0061927
6.60  0.0060718
6.70  0.0059793
6.80  0.0058940
6.90  0.0058087
7.00  0.0057035
7.10  0.0056167
7.20  0.0055154
7.30  0.0054284
7.40  0.0053529
7.50  0.0052713
7.60  0.0051885
7.70  0.0051103
7.80  0.0050429
7.90  0.0049676
8.00  0.0048953
8.10  0.0048191
8.20  0.0047474
8.30  0.0046616
8.40  0.0046016
8.50  0.0045414
8.60  0.0044712
8.70  0.0044142
8.80  0.0043515
8.90  0.0043034
9.00  0.0042316
9.10  0.0041785
9.20  0.0041073
9.30  0.0040515
9.40  0.0039839
9.50  0.0039474
9.60  0.0038900
9.70  0.0038435
9.80  0.0038029
9.90  0.0037540
10.00  0.0037053
10.10  0.0036538
10.20  0.0036082
10.30  0.0035613
10.40  0.0035268
10.50  0.0034823
10.60  0.0034539
10.70  0.0034111
10.80  0.0033651
10.90  0.0033089
11.00  0.0032627
11.10  0.0032244
11.20  0.0031707
11.30  0.0031404
11.40  0.0030888
11.50  0.0030626
11.60  0.0030088
11.70  0.0029826
11.80  0.0029403
11.90  0.0029090
12.00  0.0028768
12.10  0.0028394
12.20  0.0027985
12.30  0.0027518
12.40  0.0027194
12.50  0.0026772
12.60  0.0026499
12.70  0.0026167
12.80  0.0025917
12.90  0.0025641
13.00  0.0025330
13.10  0.0025131
13.20  0.0024963
13.30  0.0024684
13.40  0.0024408
13.50  0.0024168
13.60  0.0023871
13.70  0.0023660
13.80  0.0023419
13.90  0.0023121
14.00  0.0022887
14.10  0.0022613
14.20  0.0022423
14.30  0.0022082
14.40  0.0021814
14.50  0.0021572
14.60  0.0021332
14.70  0.0021041
14.80  0.0020825
14.90  0.0020767
15.00  0.0020496
15.10  0.0020255
15.20  0.0020066
15.30  0.0019942
15.40  0.0019757
15.50  0.0019580
15.60  0.0019451
15.70  0.0019287
15.80  0.0019074
15.90  0.0018867
16.00  0.0018801
16.10  0.0018532
16.20  0.0018321
16.30  0.0018055
16.40  0.0017859
16.50  0.0017713
16.60  0.0017537
16.70  0.0017302
16.80  0.0017109
16.90  0.0016996
17.00  0.0016796
17.10  0.0016680
17.20  0.0016516
17.30  0.0016350
17.40  0.0016140
17.50  0.0015918
17.60  0.0015626
17.70  0.0015451
17.80  0.0015180
17.90  0.0015032
18.00  0.0014894
18.10  0.0014671
18.20  0.0014433
18.30  0.0014265
18.40  0.0014036
18.50  0.0013833
18.60  0.0013694
18.70  0.0013532
18.80  0.0013318
18.90  0.0013193
19.00  0.0013035
19.10  0.0012841
19.20  0.0012659
19.30  0.0012489
19.40  0.0012395
19.50  0.0012247
19.60  0.0012031
19.70  0.0011881
19.80  0.0011786
19.90  0.0011700
20.00  0.0011620
20.10  0.0011514
20.20  0.0011393
20.30  0.0011218
20.40  0.0011105
20.50  0.0010932
20.60  0.0010777
20.70  0.0010635
20.80  0.0010361
20.90  0.0010177
21.00  0.0010057
21.10  0.0009983
21.20  0.0009905
21.30  0.0009866
21.40  0.0009745
21.50  0.0009566
21.60  0.0009403
21.70  0.0009247
21.80  0.0009137
21.90  0.0008946
22.00  0.0008905
22.10  0.0008914
22.20  0.0008822
22.30  0.0008717
22.40  0.0008645
22.50  0.0008587
22.60  0.0008428
22.70  0.0008308
22.80  0.0008220
22.90  0.0008190
23.00  0.0008132
23.10  0.0008058
23.20  0.0008050
23.30  0.0007939
23.40  0.0007932
23.50  0.0007814
23.60  0.0007772
23.70  0.0007659
23.80  0.0007577
23.90  0.0007503
24.00  0.0007359
24.10  0.0007324
24.20  0.0007309
24.30  0.0007355
24.40  0.0007288
24.50  0.0007178
24.60  0.0007121
24.70  0.0007035
24.80  0.0006902
24.90  0.0006841
25.00  0.0006794
25.10  0.0006814
25.20  0.0006879
25.30  0.0006763
25.40  0.0006705
25.50  0.0006578
25.60  0.0006510
25.70  0.0006499
25.80  0.0006485
25.90  0.0006500
26.00  0.0006481
26.10  0.0006478
26.20  0.0006411
26.30  0.0006313
26.40  0.0006204
26.50  0.0006127
26.60  0.0006119
26.70  0.0006127
26.80  0.0006111
26.90  0.0006090
27.00  0.0006027
27.10  0.0005924
27.20  0.0005851
27.30  0.0005804
27.40  0.0005758
27.50  0.0005712
27.60  0.0005667
27.70  0.0005644
27.80  0.0005645
27.90  0.0005530
28.00  0.0005480
28.10  0.0005400
28.20  0.0005332
28.30  0.0005303
28.40  0.0005353
28.50  0.0005393
28.60  0.0005423
28.70  0.0005358
28.80  0.0005391
28.90  0.0005408
29.00  0.0005425
29.10  0.0005418
29.20  0.0005373
29.30  0.0005348
29.40  0.0005369
29.50  0.0005473
29.60  0.0005559
29.70  0.0005615
29.80  0.0005675
29.90  0.0005693
30.00  0.0005773
30.10  0.0005813
30.20  0.0005817
30.30  0.0005792
30.40  0.0005803
30.50  0.0005804
30.60  0.0005788
30.70  0.0005747
30.80  0.0005805
30.90  0.0005794
31.00  0.0005783
31.10  0.0005845
31.20  0.0005765
31.30  0.0005676
31.40  0.0005612
31.50  0.0005560
31.60  0.0005476
31.70  0.0005421
31.80  0.0005437
31.90  0.0005426
32.00  0.0005335
32.10  0.0005342
32.20  0.0005363
32.30  0.0005333
32.40  0.0005296
32.50  0.0005297
32.60  0.0005341
32.70  0.0005264
32.80  0.0005226
32.90  0.0005161
33.00  0.0005115
33.10  0.0005118
33.20  0.0005145
33.30  0.0005124
33.40  0.0005112
33.50  0.0005067
33.60  0.0004948
33.70  0.0004911
33.80  0.0004820
33.90  0.0004871
34.00  0.0004820
34.10  0.0004854
34.20  0.0004827
34.30  0.0004781
34.40  0.0004725
34.50  0.0004682
34.60  0.0004622
34.70  0.0004624
34.80  0.0004601
34.90  0.0004633
35.00  0.0004589
35.10  0.0004534
35.20  0.0004507
35.30  0.0004416
35.40  0.0004442
35.50  0.0004493
35.60  0.0004531
35.70  0.0004552
35.80  0.0004597
35.90  0.0004557
36.00  0.0004568
36.10  0.0004537
36.20  0.0004512
36.30  0.0004517
36.40  0.0004564
36.50  0.0004631
36.60  0.0004588
36.70  0.0004559
36.80  0.0004518
36.90  0.0004552
37.00  0.0004542
37.10  0.0004526
37.20  0.0004507
37.30  0.0004486
37.40  0.0004469
37.50  0.0004430
37.60  0.0004396
37.70  0.0004354
37.80  0.0004334
37.90  0.0004275
38.00  0.0004267
38.10  0.0004251
38.20  0.0004238
38.30  0.0004267
38.40  0.0004255
38.50  0.0004161
38.60  0.0004102
38.70  0.0004067
38.80  0.0004116
38.90  0.0004119
39.00  0.0004138
39.10  0.0004125
39.20  0.0004153
39.30  0.0004119
39.40  0.0004171
39.50  0.0004235
39.60  0.0004239
39.70  0.0004292
39.80  0.0004261
39.90  0.0004282
40.00  0.0004280
40.10  0.0004280
40.20  0.0004233
40.30  0.0004204
40.40  0.0004238
40.50  0.0004253
40.60  0.0004272
40.70  0.0004190
40.80  0.0004183
40.90  0.0004226
41.00  0.0004224
41.10  0.0004156
41.20  0.0004099
41.30  0.0004020
41.40  0.0003929
41.50  0.0003873
41.60  0.0003840
41.70  0.0003745
41.80  0.0003675
41.90  0.0003620
42.00  0.0003584
42.10  0.0003554
42.20  0.0003536
42.30  0.0003466
42.40  0.0003453
42.50  0.0003400
42.60  0.0003376
42.70  0.0003375
42.80  0.0003388
42.90  0.0003366
43.00  0.0003320
43.10  0.0003278
43.20  0.0003242
43.30  0.0003241
43.40  0.0003215
43.50  0.0003181
43.60  0.0003125
43.70  0.0003075
43.80  0.0003047
43.90  0.0003055
44.00  0.0003037
44.10  0.0003054
44.20  0.0003002
44.30  0.0002980
44.40  0.0002931
44.50  0.0002905
44.60  0.0002914
44.70  0.0002862
44.80  0.0002838
44.90  0.0002860
45.00  0.0002860
45.10  0.0002891
45.20  0.0002862
45.30  0.0002877
45.40  0.0002893
45.50  0.0002852
45.60  0.0002855
45.70  0.0002855
45.80  0.0002854
45.90  0.0002875
46.00  0.0002949
46.10  0.0003014
46.20  0.0003019
46.30  0.0003014
46.40  0.0002974
46.50  0.0002948
46.60  0.0002966
46.70  0.0002948
46.80  0.0002972
46.90  0.0002960
47.00  0.0002883
47.10  0.0002869
47.20  0.0002846
47.30  0.0002818
47.40  0.0002799
47.50  0.0002803
47.60  0.0002781
47.70  0.0002784
47.80  0.0002782
47.90  0.0002796
48.00  0.0002789
48.10  0.0002772
48.20  0.0002747
48.30  0.0002721
48.40  0.0002704
48.50  0.0002694
48.60  0.0002702
48.70  0.0002620
48.80  0.0002598
48.90  0.0002562
49.00  0.0002555
49.10  0.0002557
49.20  0.0002569
49.30  0.0002577
49.40  0.0002534
49.50  0.0002584
49.60  0.0002591
49.70  0.0002618
49.80  0.0002620
49.90  0.0002651
50.00  0.0002617
50.10  0.0002625
50.20  0.0002593
50.30  0.0002532
50.40  0.0002498
50.50  0.0002478
50.60  0.0002418
50.70  0.0002458
50.80  0.0002461
50.90  0.0002460
51.00  0.0002470
51.10  0.0002449
51.20  0.0002417
51.30  0.0002397
51.40  0.0002393
51.50  0.0002376
51.60  0.0002358
51.70  0.0002304
51.80  0.0002266
51.90  0.0002264
52.00  0.0002275
52.10  0.0002246
52.20  0.0002212
52.30  0.0002202
52.40  0.0002239
52.50  0.0002307
52.60  0.0002329
52.70  0.0002283
52.80  0.0002221
52.90  0.0002187
53.00  0.0002219
53.10  0.0002270
53.20  0.0002292
53.30  0.0002267
53.40  0.0002234
53.50  0.0002258
53.60  0.0002207
53.70  0.0002201
53.80  0.0002169
53.90  0.0002145
54.00  0.0002156
54.10  0.0002133
54.20  0.0002109
54.30  0.0002102
54.40  0.0002105
54.50  0.0002103
54.60  0.0002116
54.70  0.0002087
54.80  0.0002108
54.90  0.0002153
55.00  0.0002133
55.10  0.0002096
55.20  0.0002113
55.30  0.0002136
55.40  0.0002124
55.50  0.0002082
55.60  0.0002052
55.70  0.0002035
55.80  0.0002024
55.90  0.0001998
56.00  0.0002024
56.10  0.0002004
56.20  0.0002028
56.30  0.0002014
56.40  0.0002036
56.50  0.0002054
56.60  0.0002074
56.70  0.0002082
56.80  0.0002124
56.90  0.0002123
57.00  0.0002151
57.10  0.0002137
57.20  0.0002167
57.30  0.0002147
57.40  0.0002129
57.50  0.0002140
57.60  0.0002118
57.70  0.0002110
57.80  0.0002096
57.90  0.0002084
58.00  0.0002106
58.10  0.0002105
58.20  0.0002156
58.30  0.0002197
58.40  0.0002205
58.50  0.0002224
58.60  0.0002216
58.70  0.0002230
58.80  0.0002278
58.90  0.0002297
59.00  0.0002299
59.10  0.0002304
59.20  0.0002328
59.30  0.0002308
59.40  0.0002313
59.50  0.0002335
59.60  0.0002360
59.70  0.0002325
59.80  0.0002304
59.90  0.0002312
60.00  0.0002305
60.10  0.0002335
60.20  0.0002320
60.30  0.0002304
60.40  0.0002240
60.50  0.0002202
60.60  0.0002194
60.70  0.0002183
60.80  0.0002182
60.90  0.0002112
61.00  0.0002089
61.10  0.0002052
61.20  0.0002022
61.30  0.0002033
61.40  0.0002060
61.50  0.0002037
61.60  0.0002054
61.70  0.0002034
61.80  0.0002000
61.90  0.0001952
62.00  0.0001944
62.10  0.0001925
62.20  0.0001888
62.30  0.0001857
62.40  0.0001845
62.50  0.0001812
62.60  0.0001796
62.70  0.0001763
62.80  0.0001770
62.90  0.0001726
63.00  0.0001682
63.10  0.0001638
63.20  0.0001613
63.30  0.0001625
63.40  0.0001679
63.50  0.0001660
63.60  0.0001651
63.70  0.0001608
63.80  0.0001541
63.90  0.0001537
64.00  0.0001505
64.10  0.0001472
64.20  0.0001435
64.30  0.0001427
64.40  0.0001374
64.50  0.0001351
64.60  0.0001298
64.70  0.0001279
64.80  0.0001252
64.90  0.0001233
65.00  0.0001207
65.10  0.0001198
65.20  0.0001143
65.30  0.0001105
65.40  0.0001100
65.50  0.0001070
65.60  0.0001076
65.70  0.0001047
65.80  0.0001020
65.90  0.0001043
66.00  0.0001071
66.10  0.0001050
66.20  0.0001026
66.30  0.0000981
66.40  0.0000977
66.50  0.0001002
66.60  0.0001012
66.70  0.0001023
66.80  0.0001069
66.90  0.0001099
67.00  0.0001119
67.10  0.0001114
67.20  0.0001094
67.30  0.0001119
67.40  0.0001129
67.50  0.0001127
67.60  0.0001122
67.70  0.0001116
67.80  0.0001139
67.90  0.0001142
68.00  0.0001130
68.10  0.0001132
68.20  0.0001128
68.30  0.0001150
68.40  0.0001204
68.50  0.0001238
68.60  0.0001254
68.70  0.0001253
68.80  0.0001254
68.90  0.0001244
69.00  0.0001241
69.10  0.0001259
69.20  0.0001236
69.30  0.0001234
69.40  0.0001222
69.50  0.0001223
69.60  0.0001267
69.70  0.0001270
69.80  0.0001235
69.90  0.0001219
70.00  0.0001218
70.10  0.0001248
70.20  0.0001308
70.30  0.0001338
70.40  0.0001332
70.50  0.0001335
70.60  0.0001319
70.70  0.0001310
70.80  0.0001334
70.90  0.0001351
71.00  0.0001406
71.10  0.0001420
71.20  0.0001434
71.30  0.0001484
71.40  0.0001523
71.50  0.0001517
71.60  0.0001524
71.70  0.0001515
71.80  0.0001503
71.90  0.0001488
72.00  0.0001512
72.10  0.0001496
72.20  0.0001552
72.30  0.0001598
72.40  0.0001610
72.50  0.0001613
72.60  0.0001599
72.70  0.0001578
72.80  0.0001562
72.90  0.0001569
73.00  0.0001553
73.10  0.0001559
73.20  0.0001589
73.30  0.0001572
73.40  0.0001572
73.50  0.0001602
73.60  0.0001584
73.70  0.0001590
73.80  0.0001595
73.90  0.0001579
74.00  0.0001575
74.10  0.0001604
74.20  0.0001606
74.30  0.0001603
74.40  0.0001602
74.50  0.0001589
74.60  0.0001629
74.70  0.0001617
74.80  0.0001613
74.90  0.0001623
75.00  0.0001558
75.10  0.0001479
75.20  0.0001455
75.30  0.0001406
75.40  0.0001417
75.50  0.0001428
75.60  0.0001444
75.70  0.0001433
75.80  0.0001444
75.90  0.0001434
76.00  0.0001418
76.10  0.0001409
76.20  0.0001408
76.30  0.0001408
76.40  0.0001427
76.50  0.0001456
76.60  0.0001440
76.70  0.0001420
76.80  0.0001360
76.90  0.0001356
77.00  0.0001382
77.10  0.0001379
77.20  0.0001398
77.30  0.0001380
77.40  0.0001384
77.50  0.0001378
77.60  0.0001399
77.70  0.0001427
77.80  0.0001451
77.90  0.0001472
78.00  0.0001452
78.10  0.0001437
78.20  0.0001449
78.30  0.0001471
78.40  0.0001500
78.50  0.0001475
78.60  0.0001440
78.70  0.0001413
78.80  0.0001422
78.90  0.0001433
79.00  0.0001451
79.10  0.0001438
79.20  0.0001456
79.30  0.0001439
79.40  0.0001427
79.50  0.0001406
79.60  0.0001345
79.70  0.0001314
79.80  0.0001296
79.90  0.0001283
80.00  0.0001290
80.10  0.0001254
80.20  0.0001224
80.30  0.0001204
80.40  0.0001201
80.50  0.0001220
80.60  0.0001222
80.70  0.0001204
80.80  0.0001206
80.90  0.0001202
81.00  0.0001180
81.10  0.0001164
81.20  0.0001110
81.30  0.0001107
81.40  0.0001128
81.50  0.0001154
81.60  0.0001139
81.70  0.0001127
81.80  0.0001112
81.90  0.0001100
82.00  0.0001129
82.10  0.0001130
82.20  0.0001128
82.30  0.0001138
82.40  0.0001130
82.50  0.0001172
82.60  0.0001161
82.70  0.0001138
82.80  0.0001176
82.90  0.0001135
83.00  0.0001103
83.10  0.0001120
83.20  0.0001159
83.30  0.0001166
83.40  0.0001172
83.50  0.0001193
83.60  0.0001228
83.70  0.0001230
83.80  0.0001267
83.90  0.0001274
84.00  0.0001300
84.10  0.0001300
84.20  0.0001312
84.30  0.0001326
84.40  0.0001380
84.50  0.0001377
84.60  0.0001385
84.70  0.0001376
84.80  0.0001363
84.90  0.0001359
85.00  0.0001408
85.10  0.0001427
85.20  0.0001454
85.30  0.0001483
85.40  0.0001481
85.50  0.0001490
85.60  0.0001470
85.70  0.0001511
85.80  0.0001550
85.90  0.0001582
86.00  0.0001577
86.10  0.0001605
86.20  0.0001594
86.30  0.0001607
86.40  0.0001600
86.50  0.0001611
86.60  0.0001650
86.70  0.0001677
86.80  0.0001680
86.90  0.0001687
87.00  0.0001710
87.10  0.0001698
87.20  0.0001705
87.30  0.0001725
87.40  0.0001730
87.50  0.0001736
87.60  0.0001734
87.70  0.0001758
87.80  0.0001766
87.90  0.0001771
88.00  0.0001745
88.10  0.0001738
88.20  0.0001693
88.30  0.0001700
88.40  0.0001702
88.50  0.0001705
88.60  0.0001742
88.70  0.0001758
88.80  0.0001741
88.90  0.0001738
89.00  0.0001725
89.10  0.0001742
89.20  0.0001735
89.30  0.0001748
89.40  0.0001797
89.50  0.0001818
89.60  0.0001838
89.70  0.0001860
89.80  0.0001898
89.90  0.0001898
90.00  0.0001860
90.10  0.0001856
90.20  0.0001869
90.30  0.0001871
90.40  0.0001871
90.50  0.0001856
90.60  0.0001830
90.70  0.0001841
90.80  0.0001834
90.90  0.0001833
91.00  0.0001849
91.10  0.0001846
91.20  0.0001852
91.30  0.0001864
91.40  0.0001870
91.50  0.0001874
91.60  0.0001883
91.70  0.0001892
91.80  0.0001881
91.90  0.0001880
92.00  0.0001884
92.10  0.0001907
92.20  0.0001906
92.30  0.0001909
92.40  0.0001932
92.50  0.0001908
92.60  0.0001907
92.70  0.0001890
92.80  0.0001898
92.90  0.0001912
93.00  0.0001928
93.10  0.0001924
93.20  0.0001926
93.30  0.0001917
93.40  0.0001888
93.50  0.0001888
93.60  0.0001873
93.70  0.0001834
93.80  0.0001841
93.90  0.0001860
94.00  0.0001893
94.10  0.0001886
94.20  0.0001915
94.30  0.0001909
94.40  0.0001876
94.50  0.0001825
94.60  0.0001813
94.70  0.0001822
94.80  0.0001838
94.90  0.0001838
95.00  0.0001803
95.10  0.0001766
95.20  0.0001775
95.30  0.0001778
95.40  0.0001794
95.50  0.0001744
95.60  0.0001709
95.70  0.0001733
95.80  0.0001720
95.90  0.0001725
96.00  0.0001692
96.10  0.0001659
96.20  0.0001627
96.30  0.0001591
96.40  0.0001572
96.50  0.0001605
96.60  0.0001615
96.70  0.0001629
96.80  0.0001644
96.90  0.0001662
97.00  0.0001683
97.10  0.0001657
97.20  0.0001666
97.30  0.0001670
97.40  0.0001656
97.50  0.0001650
97.60  0.0001629
97.70  0.0001622
97.80  0.0001628
97.90  0.0001643
98.00  0.0001650
98.10  0.0001647
98.20  0.0001644
98.30  0.0001645
98.40  0.0001643
98.50  0.0001630
98.60  0.0001641
98.70  0.0001647
98.80  0.0001654
98.90  0.0001660
99.00  0.0001653
99.10  0.0001682
99.20  0.0001699
99.30  0.0001715
99.40  0.0001733
99.50  0.0001761
99.60  0.0001750
99.70  0.0001736
99.80  0.0001723
99.90  0.0001705
100.00  0.0001742
100.10  0.0001745
100.20  0.0001714
100.30  0.0001698
100.40  0.0001714
100.50  0.0001735
100.60  0.0001761
100.70  0.0001764
100.80  0.0001720
100.90  0.0001695
101.00  0.0001691
101.10  0.0001683
101.20  0.0001685
101.30  0.0001696
101.40  0.0001684
101.50  0.0001677
101.60  0.0001693
101.70  0.0001692
101.80  0.0001673
101.90  0.0001635
102.00  0.0001618
102.10  0.0001618
102.20  0.0001640
102.30  0.0001641
102.40  0.0001636
102.50  0.0001661
102.60  0.0001650
102.70  0.0001657
102.80  0.0001664
102.90  0.0001669
103.00  0.0001694
103.10  0.0001711
103.20  0.0001713
103.30  0.0001731
103.40  0.0001747
103.50  0.0001756
103.60  0.0001744
103.70  0.0001758
103.80  0.0001739
103.90  0.0001760
104.00  0.0001736
104.10  0.0001770
104.20  0.0001739
104.30  0.0001746
104.40  0.0001753
104.50  0.0001778
104.60  0.0001815
104.70  0.0001831
104.80  0.0001803
104.90  0.0001827
105.00  0.0001890
105.10  0.0001894
105.20  0.0001934
105.30  0.0001961
105.40  0.0001984
105.50  0.0001996
105.60  0.0002001
105.70  0.0002014
105.80  0.0002020
105.90  0.0002056
106.00  0.0002072
106.10  0.0002078
106.20  0.0002064
106.30  0.0002057
106.40  0.0002049
106.50  0.0002017
106.60  0.0001993
106.70  0.0002022
106.80  0.0002013
106.90  0.0001980
107.00  0.0001979
107.10  0.0001963
107.20  0.0001930
107.30  0.0001892
107.40  0.0001872
107.50  0.0001880
107.60  0.0001873
107.70  0.0001869
107.80  0.0001886
107.90  0.0001912
108.00  0.0001877
108.10  0.0001878
108.20  0.0001885
108.30  0.0001915
108.40  0.0001911
108.50  0.0001914
108.60  0.0001903
108.70  0.0001887
108.80  0.0001861
108.90  0.0001832
109.00  0.0001819
109.10  0.0001820
109.20  0.0001793
109.30  0.0001801
109.40  0.0001802
109.50  0.0001808
109.60  0.0001770
109.70  0.0001753
109.80  0.0001716
109.90  0.0001700
110.00  0.0001681
110.10  0.0001665
110.20  0.0001629
110.30  0.0001619
110.40  0.0001607
110.50  0.0001609
110.60  0.0001602
110.70  0.0001604
110.80  0.0001584
110.90  0.0001553
111.00  0.0001559
111.10  0.0001516
111.20  0.0001506
111.30  0.0001501
111.40  0.0001487
111.50  0.0001473
111.60  0.0001451
111.70  0.0001414
111.80  0.0001426
111.90  0.0001398
112.00  0.0001367
112.10  0.0001359
112.20  0.0001347
112.30  0.0001337
112.40  0.0001343
112.50  0.0001325
112.60  0.0001303
112.70  0.0001284
112.80  0.0001239
112.90  0.0001187
113.00  0.0001152
113.10  0.0001155
113.20  0.0001135
113.30  0.0001137
113.40  0.0001094
113.50  0.0001046
113.60  0.0001013
113.70  0.0000993
113.80  0.0000964
113.90  0.0000956
114.00  0.0000929
114.10  0.0000920
114.20  0.0000866
114.30  0.0000840
114.40  0.0000827
114.50  0.0000827
114.60  0.0000842
114.70  0.0000840
114.80  0.0000823
114.90  0.0000810
115.00  0.0000796
115.10  0.0000797
115.20  0.0000802
115.30  0.0000811
115.40  0.0000828
115.50  0.0000831
115.60  0.0000848
115.70  0.0000866
115.80  0.0000854
115.90  0.0000828
116.00  0.0000799
116.10  0.0000810
116.20  0.0000797
116.30  0.0000789
116.40  0.0000799
116.50  0.0000828
116.60  0.0000852
116.70  0.0000836
116.80  0.0000807
116.90  0.0000793
117.00  0.0000785
117.10  0.0000780
117.20  0.0000779
117.30  0.0000779
117.40  0.0000769
117.50  0.0000778
117.60  0.0000780
117.70  0.0000766
117.80  0.0000734
117.90  0.0000716
118.00  0.0000696
118.10  0.0000672
118.20  0.0000646
118.30  0.0000625
118.40  0.0000603
118.50  0.0000611
118.60  0.0000608
118.70  0.0000596
118.80  0.0000568
118.90  0.0000556
119.00  0.0000526
119.10  0.0000529
119.20  0.0000538
119.30  0.0000523
119.40  0.0000571
119.50  0.0000585
119.60  0.0000595
119.70  0.0000618
119.80  0.0000634
119.90  0.0000643
120.00  0.0000635
120.10  0.0000622
120.20  0.0000598
120.30  0.0000594
120.40  0.0000576
120.50  0.0000589
120.60  0.0000595
120.70  0.0000548
120.80  0.0000551
120.90  0.0000545
121.00  0.0000531
121.10  0.0000524
121.20  0.0000510
121.30  0.0000507
121.40  0.0000529
121.50  0.0000524
121.60  0.0000550
121.70  0.0000577
121.80  0.0000579
121.90  0.0000581
122.00  0.0000590
122.10  0.0000537
122.20  0.0000532
122.30  0.0000529
122.40  0.0000521
122.50  0.0000504
122.60  0.0000507
122.70  0.0000476
122.80  0.0000465
122.90  0.0000465
123.00  0.0000470
123.10  0.0000486
123.20  0.0000525
123.30  0.0000532
123.40  0.0000529
123.50  0.0000502
123.60  0.0000517
123.70  0.0000521
123.80  0.0000536
123.90  0.0000547
124.00  0.0000559
124.10  0.0000554
124.20  0.0000562
124.30  0.0000572
124.40  0.0000578
124.50  0.0000587
124.60  0.0000604
124.70  0.0000589
124.80  0.0000615
124.90  0.0000626
125.00  0.0000614
125.10  0.0000583
125.20  0.0000570
125.30  0.0000555
125.40  0.0000556
125.50  0.0000553
125.60  0.0000527
125.70  0.0000528
125.80  0.0000499
125.90  0.0000489
126.00  0.0000458
126.10  0.0000449
126.20  0.0000462
126.30  0.0000455
126.40  0.0000434
126.50  0.0000412
126.60  0.0000386
126.70  0.0000361
126.80  0.0000350
126.90  0.0000326
127.00  0.0000315
127.10  0.0000303
127.20  0.0000305
127.30  0.0000296
127.40  0.0000292
127.50  0.0000271
127.60  0.0000252
127.70  0.0000243
127.80  0.0000230
127.90  0.0000222
128.00  0.0000231
128.10  0.0000246
128.20  0.0000256
128.30  0.0000247
128.40  0.0000228
128.50  0.0000217
128.60  0.0000189
128.70  0.0000170
128.80  0.0000132
128.90  0.0000131
129.00  0.0000105
129.10  0.0000074
129.20  0.0000038
129.30  0.0000028
129.40  -0.0000003
129.50  -0.0000004
129.60  -0.0000010
129.70  -0.0000005
129.80  -0.0000003
129.90  -0.0000017
130.00  -0.0000053
130.10  -0.0000074
130.20  -0.0000114
130.30  -0.0000177
130.40  -0.0000202
130.50  -0.0000243
130.60  -0.0000263
130.70  -0.0000256
130.80  -0.0000256
130.90  -0.0000272
131.00  -0.0000279
131.10  -0.0000274
131.20  -0.0000274
131.30  -0.0000276
131.40  -0.0000255
131.50  -0.0000267
131.60  -0.0000231
131.70  -0.0000216
131.80  -0.0000218
131.90  -0.0000212
132.00  -0.0000209
132.10  -0.0000209
132.20  -0.0000204
132.30  -0.0000204
132.40  -0.0000196
132.50  -0.0000219
132.60  -0.0000226
132.70  -0.0000232
132.80  -0.0000211
132.90  -0.0000192
133.00  -0.0000175
133.10  -0.0000150
133.20  -0.0000121
133.30  -0.0000074
133.40  -0.0000049
133.50  -0.0000028
133.60  -0.0000042
133.70  0.0000006
133.80  0.0000023
133.90  0.0000027
134.00  0.0000031
134.10  0.0000053
134.20  0.0000080
134.30  0.0000126
134.40  0.0000145
134.50  0.0000159
134.60  0.0000177
134.70  0.0000183
134.80  0.0000195
134.90  0.0000177
135.00  0.0000174
135.10  0.0000192
135.20  0.0000208
135.30  0.0000211
135.40  0.0000236
135.50  0.0000286
135.60  0.0000301
135.70  0.0000323
135.80  0.0000316
135.90  0.0000313
136.00  0.0000308
136.10  0.0000288
136.20  0.0000269
136.30  0.0000253
136.40  0.0000285
136.50  0.0000303
136.60  0.0000320
136.70  0.0000316
136.80  0.0000301
136.90  0.0000297
137.00  0.0000319
137.10  0.0000346
137.20  0.0000369
137.30  0.0000365
137.40  0.0000370
137.50  0.0000394
137.60  0.0000391
137.70  0.0000398
137.80  0.0000410
137.90  0.0000409
138.00  0.0000386
138.10  0.0000360
138.20  0.0000318
138.30  0.0000314
138.40  0.0000290
138.50  0.0000273
138.60  0.0000277
138.70  0.0000270
138.80  0.0000255
138.90  0.0000253
139.00  0.0000244
139.10  0.0000209
139.20  0.0000201
139.30  0.0000186
139.40  0.0000184
139.50  0.0000168
139.60  0.0000145
139.70  0.0000138
139.80  0.0000122
139.90  0.0000096
140.00  0.0000064
140.10  0.0000003
140.20  -0.0000033
140.30  -0.0000049
140.40  -0.0000050
140.50  -0.0000073
140.60  -0.0000072
140.70  -0.0000055
140.80  -0.0000050
140.90  -0.0000067
141.00  -0.0000053
141.10  -0.0000073
141.20  -0.0000089
141.30  -0.0000081
141.40  -0.0000103
141.50  -0.0000114
141.60  -0.0000147
141.70  -0.0000162
141.80  -0.0000178
141.90  -0.0000175
142.00  -0.0000172
142.10  -0.0000161
142.20  -0.0000155
142.30  -0.0000138
142.40  -0.0000149
142.50  -0.0000156
142.60  -0.0000174
142.70  -0.0000167
142.80  -0.0000162
142.90  -0.0000150
143.00  -0.0000137
143.10  -0.0000143
143.20  -0.0000150
143.30  -0.0000136
143.40  -0.0000132
143.50  -0.0000155
143.60  -0.0000164
143.70  -0.0000157
143.80  -0.0000131
143.90  -0.0000128
144.00  -0.0000132
144.10  -0.0000093
144.20  -0.0000078
144.30  -0.0000081
144.40  -0.0000096
144.50  -0.0000100
144.60  -0.0000128
144.70  -0.0000135
144.80  -0.0000149
144.90  -0.0000152
145.00  -0.0000148
145.10  -0.0000162
145.20  -0.0000178
145.30  -0.0000180
145.40  -0.0000199
145.50  -0.0000200
145.60  -0.0000176
145.70  -0.0000168
145.80  -0.0000155
145.90  -0.0000167
146.00  -0.0000166
146.10  -0.0000162
146.20  -0.0000175
146.30  -0.0000172
146.40  -0.0000169
146.50  -0.0000182
146.60  -0.0000185
146.70  -0.0000172
146.80  -0.0000159
146.90  -0.0000155
147.00  -0.0000175
147.10  -0.0000174
147.20  -0.0000184
147.30  -0.0000192
147.40  -0.0000177
147.50  -0.0000159
147.60  -0.0000133
147.70  -0.0000111
147.80  -0.0000135
147.90  -0.0000135
148.00  -0.0000112
148.10  -0.0000107
148.20  -0.0000106
148.30  -0.0000118
148.40  -0.0000128
148.50  -0.0000116
148.60  -0.0000122
148.70  -0.0000114
148.80  -0.0000113
148.90  -0.0000076
149.00  -0.0000060
149.10  -0.0000042
149.20  -0.0000021
149.30  -0.0000010
149.40  -0.0000000
149.50  0.0000002
149.60  -0.0000003
149.70  0.0000021
149.80  0.0000048
149.90  0.0000100
150.00  0.0000105
150.10  0.0000112
150.20  0.0000140
150.30  0.0000173
150.40  0.0000187
150.50  0.0000199
150.60  0.0000204
150.70  0.0000212
150.80  0.0000219
150.90  0.0000229
151.00  0.0000239
151.10  0.0000250
151.20  0.0000268
151.30  0.0000286
151.40  0.0000291
151.50  0.0000289
151.60  0.0000297
151.70  0.0000271
151.80  0.0000271
151.90  0.0000250
152.00  0.0000248
152.10  0.0000240
152.20  0.0000259
152.30  0.0000285
152.40  0.0000293
152.50  0.0000332
152.60  0.0000345
152.70  0.0000325
152.80  0.0000319
152.90  0.0000311
153.00  0.0000300
153.10  0.0000309
153.20  0.0000338
153.30  0.0000357
153.40  0.0000366
153.50  0.0000350
153.60  0.0000352
153.70  0.0000385
153.80  0.0000420
153.90  0.0000446
154.00  0.0000441
154.10  0.0000422
154.20  0.0000399
154.30  0.0000393
154.40  0.0000393
154.50  0.0000393
154.60  0.0000394
154.70  0.0000395
154.80  0.0000368
154.90  0.0000330
155.00  0.0000276
155.10  0.0000263
155.20  0.0000283
155.30  0.0000285
155.40  0.0000273
155.50  0.0000273
155.60  0.0000255
155.70  0.0000262
155.80  0.0000256
155.90  0.0000221
156.00  0.0000239
156.10  0.0000237
156.20  0.0000188
156.30  0.0000174
156.40  0.0000167
156.50  0.0000179
156.60  0.0000170
156.70  0.0000152
156.80  0.0000163
156.90  0.0000141
157.00  0.0000146
157.10  0.0000145
157.20  0.0000151
157.30  0.0000146
157.40  0.0000165
157.50  0.0000161
157.60  0.0000188
157.70  0.0000212
157.80  0.0000199
157.90  0.0000201
158.00  0.0000197
158.10  0.0000184
158.20  0.0000190
158.30  0.0000183
158.40  0.0000194
158.50  0.0000189
158.60  0.0000143
158.70  0.0000140
158.80  0.0000134
158.90  0.0000116
159.00  0.0000123
159.10  0.0000095
159.20  0.0000086
159.30  0.0000066
159.40  0.0000023
159.50  0.0000025
159.60  0.0000022
159.70  0.0000031
159.80  0.0000050
159.90  0.0000045
160.00  0.0000046
160.10  0.0000034
160.20  0.0000041
160.30  0.0000070
160.40  0.0000064
160.50  0.0000073
160.60  0.0000096
160.70  0.0000078
160.80  0.0000074
160.90  0.0000080
161.00  0.0000075
161.10  0.0000077
161.20  0.0000070
161.30  0.0000062
161.40  0.0000034
161.50  0.0000036
161.60  0.0000029
161.70  0.0000025
161.80  0.0000040
161.90  0.0000062
162.00  0.0000082
162.10  0.0000096
162.20  0.0000062
162.30  0.0000032
162.40  0.0000019
162.50  -0.0000025
162.60  -0.0000036
162.70  -0.0000029
162.80  -0.0000013
162.90  -0.0000009
163.00  -0.0000000
163.10  0.0000019
163.20  0.0000076
163.30  0.0000062
163.40  0.0000028
163.50  0.0000008
163.60  0.0000006
163.70  -0.0000020
163.80  -0.0000004
163.90  0.0000011
164.00  0.0000024
164.10  0.0000034
164.20  0.0000028
164.30  0.0000010
164.40  0.0000010
164.50  0.0000037
164.60  0.0000039
164.70  0.0000036
164.80  0.0000015
164.90  0.0000002
165.00  0.0000017
165.10  0.0000054
165.20  0.0000057
165.30  0.0000035
165.40  0.0000031
165.50  0.0000043
165.60  0.0000062
165.70  0.0000047
165.80  0.0000062
165.90  0.0000104
166.00  0.0000119
166.10  0.0000134
166.20  0.0000127
166.30  0.0000105
166.40  0.0000085
166.50  0.0000083
166.60  0.0000088
166.70  0.0000097
166.80  0.0000101
166.90  0.0000112
167.00  0.0000093
167.10  0.0000129
167.20  0.0000166
167.30  0.0000172
167.40  0.0000198
167.50  0.0000177
167.60  0.0000183
167.70  0.0000162
167.80  0.0000134
167.90  0.0000121
168.00  0.0000098
168.10  0.0000104
168.20  0.0000078
168.30  0.0000028
168.40  0.0000004
168.50  -0.0000002
168.60  0.0000014
168.70  0.0000008
168.80  0.0000034
168.90  0.0000032
169.00  -0.0000000
169.10  -0.0000033
169.20  -0.0000025
169.30  -0.0000028
169.40  0.0000002
169.50  -0.0000004
169.60  -0.0000012
169.70  -0.0000026
169.80  -0.0000026
169.90  -0.0000086
170.00  -0.0000075
170.10  -0.0000064
170.20  -0.0000069
170.30  -0.0000086
170.40  -0.0000098
170.50  -0.0000089
170.60  -0.0000086
170.70  -0.0000066
170.80  -0.0000073
170.90  -0.0000065
171.00  -0.0000077
171.10  -0.0000065
171.20  -0.0000068
171.30  -0.0000058
171.40  -0.0000079
171.50  -0.0000083
171.60  -0.0000080
171.70  -0.0000072
171.80  -0.0000093
171.90  -0.0000111
172.00  -0.0000105
172.10  -0.0000102
172.20  -0.0000075
172.30  -0.0000059
172.40  -0.0000039
172.50  -0.0000027
172.60  -0.0000026
172.70  -0.0000026
172.80  -0.0000018
172.90  -0.0000006
173.00  -0.0000018
173.10  -0.0000005
173.20  0.0000007
173.30  -0.0000005
173.40  -0.0000006
173.50  0.0000005
173.60  0.0000070
173.70  0.0000100
173.80  0.0000155
173.90  0.0000190
174.00  0.0000211
174.10  0.0000216
174.20  0.0000260
174.30  0.0000300
174.40  0.0000306
174.50  0.0000330
174.60  0.0000346
174.70  0.0000380
174.80  0.0000402
174.90  0.0000426
175.00  0.0000432
175.10  0.0000414
175.20  0.0000415
175.30  0.0000419
175.40  0.0000432
175.50  0.0000430
175.60  0.0000401
175.70  0.0000428
175.80  0.0000446
175.90  0.0000455
176.00  0.0000446
176.10  0.0000456
176.20  0.0000463
176.30  0.0000467
176.40  0.0000454
176.50  0.0000420
176.60  0.0000411
176.70  0.0000398
176.80  0.0000380
176.90  0.0000376
177.00  0.0000360
177.10  0.0000326
177.20  0.0000316
177.30  0.0000314
177.40  0.0000297
177.50  0.0000283
177.60  0.0000300
177.70  0.0000302
177.80  0.0000312
177.90  0.0000313
178.00  0.0000292
178.10  0.0000284
178.20  0.0000288
178.30  0.0000279
178.40  0.0000253
178.50  0.0000224
178.60  0.0000178
178.70  0.0000167
178.80  0.0000149
178.90  0.0000131
179.00  0.0000113
179.10  0.0000055
179.20  0.0000039
179.30  0.0000001
179.40  -0.0000038
179.50  -0.0000089
179.60  -0.0000130
179.70  -0.0000167
179.80  -0.0000199
179.90  -0.0000220
180.00  -0.0000224
180.10  -0.0000240
180.20  -0.0000241
180.30  -0.0000248
180.40  -0.0000281
180.50  -0.0000308
180.60  -0.0000358
180.70  -0.0000365
180.80  -0.0000335
180.90  -0.0000363
181.00  -0.0000380
181.10  -0.0000395
181.20  -0.0000437
181.30  -0.0000416
181.40  -0.0000410
181.50  -0.0000398
181.60  -0.0000374
181.70  -0.0000336
181.80  -0.0000328
181.90  -0.0000312
182.00  -0.0000329
182.10  -0.0000323
182.20  -0.0000314
182.30  -0.0000301
182.40  -0.0000278
182.50  -0.0000264
182.60  -0.0000261
182.70  -0.0000291
182.80  -0.0000298
182.90  -0.0000304
183.00  -0.0000319
183.10  -0.0000295
183.20  -0.0000320
183.30  -0.0000303
183.40  -0.0000298
183.50  -0.0000299
183.60  -0.0000335
183.70  -0.0000377
183.80  -0.0000371
183.90  -0.0000355
184.00  -0.0000374
184.10  -0.0000383
184.20  -0.0000429
184.30  -0.0000464
184.40  -0.0000465
184.50  -0.0000487
184.60  -0.0000501
184.70  -0.0000551
184.80  -0.0000508
184.90  -0.0000471
185.00  -0.0000496
185.10  -0.0000484
185.20  -0.0000506
185.30  -0.0000492
185.40  -0.0000459
185.50  -0.0000448
185.60  -0.0000465
185.70  -0.0000477
185.80  -0.0000504
185.90  -0.0000516
186.00  -0.0000503
186.10  -0.0000515
186.20  -0.0000487
186.30  -0.0000456
186.40  -0.0000458
186.50  -0.0000473
186.60  -0.0000511
186.70  -0.0000519
186.80  -0.0000529
186.90  -0.0000541
187.00  -0.0000561
187.10  -0.0000556
187.20  -0.0000593
187.30  -0.0000556
187.40  -0.0000536
187.50  -0.0000505
187.60  -0.0000467
187.70  -0.0000469
187.80  -0.0000462
187.90  -0.0000472
188.00  -0.0000505
188.10  -0.0000523
188.20  -0.0000527
188.30  -0.0000528
188.40  -0.0000536
188.50  -0.0000556
188.60  -0.0000584
188.70  -0.0000593
188.80  -0.0000597
188.90  -0.0000591
189.00  -0.0000595
189.10  -0.0000591
189.20  -0.0000600
189.30  -0.0000616
189.40  -0.0000607
189.50  -0.0000597
189.60  -0.0000604
189.70  -0.0000600
189.80  -0.0000604
189.90  -0.0000612
190.00  -0.0000624
190.10  -0.0000600
190.20  -0.0000605
190.30  -0.0000635
190.40  -0.0000636
190.50  -0.0000664
190.60  -0.0000691
190.70  -0.0000680
190.80  -0.0000709
190.90  -0.0000709
191.00  -0.0000733
191.10  -0.0000735
191.20  -0.0000711
191.30  -0.0000708
191.40  -0.0000704
191.50  -0.0000703
191.60  -0.0000718
191.70  -0.0000692
191.80  -0.0000702
191.90  -0.0000680
192.00  -0.0000684
192.10  -0.0000680
192.20  -0.0000690
192.30  -0.0000700
192.40  -0.0000711
192.50  -0.0000716
192.60  -0.0000718
192.70  -0.0000749
192.80  -0.0000754
192.90  -0.0000765
193.00  -0.0000794
193.10  -0.0000825
193.20  -0.0000879
193.30  -0.0000903
193.40  -0.0000932
193.50  -0.0000942
193.60  -0.0000987
193.70  -0.0001015
193.80  -0.0001000
193.90  -0.0000998
194.00  -0.0000977
194.10  -0.0000959
194.20  -0.0001008
194.30  -0.0001031
194.40  -0.0001059
194.50  -0.0001023
194.60  -0.0001048
194.70  -0.0001045
194.80  -0.0001078
194.90  -0.0001085
195.00  -0.0001079
195.10  -0.0001085
195.20  -0.0001059
195.30  -0.0001089
195.40  -0.0001114
195.50  -0.0001149
195.60  -0.0001178
195.70  -0.0001180
195.80  -0.0001210
195.90  -0.0001257
196.00  -0.0001281
196.10  -0.0001258
196.20  -0.0001230
196.30  -0.0001244
196.40  -0.0001245
196.50  -0.0001236
196.60  -0.0001236
196.70  -0.0001235
196.80  -0.0001253
196.90  -0.0001276
197.00  -0.0001277
197.10  -0.0001267
197.20  -0.0001242
197.30  -0.0001211
197.40  -0.0001218
197.50  -0.0001197
197.60  -0.0001173
197.70  -0.0001145
197.80  -0.0001167
197.90  -0.0001142
198.00  -0.0001161
198.10  -0.0001184
198.20  -0.0001197
198.30  -0.0001196
198.40  -0.0001197
198.50  -0.0001226
198.60  -0.0001228
198.70  -0.0001278
198.80  -0.0001304
198.90  -0.0001301
199.00  -0.0001278
199.10  -0.0001274
199.20  -0.0001268
199.30  -0.0001275
199.40  -0.0001284
199.50  -0.0001295
199.60  -0.0001270
199.70  -0.0001255
199.80  -0.0001243
199.90  -0.0001240
200.00  -0.0001278
200.10  -0.0001259
200.20  -0.0001302
200.30  -0.0001304
200.40  -0.0001293
200.50  -0.0001242
200.60  -0.0001223
200.70  -0.0001188
200.80  -0.0001150
200.90  -0.0001118
201.00  -0.0001090
201.10  -0.0001038
201.20  -0.0001001
201.30  -0.0000980
201.40  -0.0000967
201.50  -0.0000924
201.60  -0.0000888
201.70  -0.0000865
201.80  -0.0000835
201.90  -0.0000854
202.00  -0.0000800
202.10  -0.0000785
202.20  -0.0000764
202.30  -0.0000717
202.40  -0.0000684
202.50  -0.0000646
202.60  -0.0000609
202.70  -0.0000559
202.80  -0.0000564
202.90  -0.0000559
203.00  -0.0000550
203.10  -0.0000507
203.20  -0.0000486
203.30  -0.0000470
203.40  -0.0000427
203.50  -0.0000380
203.60  -0.0000357
203.70  -0.0000327
203.80  -0.0000293
203.90  -0.0000284
204.00  -0.0000290
204.10  -0.0000297
204.20  -0.0000280
204.30  -0.0000246
204.40  -0.0000212
204.50  -0.0000143
204.60  -0.0000095
204.70  -0.0000049
204.80  -0.0000041
204.90  -0.0000001
205.00  0.0000034
205.10  0.0000066
205.20  0.0000078
205.30  0.0000091
205.40  0.0000086
205.50  0.0000094
205.60  0.0000099
205.70  0.0000157
205.80  0.0000197
205.90  0.0000226
206.00  0.0000284
206.10  0.0000279
206.20  0.0000301
206.30  0.0000283
206.40  0.0000260
206.50  0.0000251
206.60  0.0000275
206.70  0.0000319
206.80  0.0000329
206.90  0.0000344
207.00  0.0000339
207.10  0.0000328
207.20  0.0000299
207.30  0.0000283
207.40  0.0000301
207.50  0.0000315
207.60  0.0000323
207.70  0.0000309
207.80  0.0000295
207.90  0.0000317
208.00  0.0000323
208.10  0.0000345
208.20  0.0000347
208.30  0.0000339
208.40  0.0000357
208.50  0.0000367
208.60  0.0000388
208.70  0.0000416
208.80  0.0000413
208.90  0.0000401
209.00  0.0000422
209.10  0.0000437
209.20  0.0000446
209.30  0.0000428
209.40  0.0000439
209.50  0.0000464
209.60  0.0000469
209.70  0.0000513
209.80  0.0000507
209.90  0.0000514
210.00  0.0000512
210.10  0.0000494
210.20  0.0000525
210.30  0.0000521
210.40  0.0000527
210.50  0.0000552
210.60  0.0000567
210.70  0.0000579
210.80  0.0000570
210.90  0.0000537
211.00  0.0000502
211.10  0.0000522
211.20  0.0000576
211.30  0.0000612
211.40  0.0000632
211.50  0.0000633
211.60  0.0000638
211.70  0.0000647
211.80  0.0000660
211.90  0.0000696
212.00  0.0000737
212.10  0.0000790
212.20  0.0000805
212.30  0.0000805
212.40  0.0000844
212.50  0.0000895
212.60  0.0000929
212.70  0.0000941
212.80  0.0000938
212.90  0.0000985
213.00  0.0001049
213.10  0.0001035
213.20  0.0001078
213.30  0.0001091
213.40  0.0001098
213.50  0.0001112
213.60  0.0001144
213.70  0.0001152
213.80  0.0001117
213.90  0.0001081
214.00  0.0001068
214.10  0.0001078
214.20  0.0001087
214.30  0.0001093
214.40  0.0001125
214.50  0.0001130
214.60  0.0001086
214.70  0.0001111
214.80  0.0001106
214.90  0.0001111
215.00  0.0001094
215.10  0.0001068
215.20  0.0001083
215.30  0.0001075
215.40  0.0001076
215.50  0.0001117
215.60  0.0001106
215.70  0.0001054
215.80  0.0001039
215.90  0.0001015
216.00  0.0000963
216.10  0.0000906
216.20  0.0000869
216.30  0.0000853
216.40  0.0000811
216.50  0.0000752
216.60  0.0000732
216.70  0.0000723
216.80  0.0000736
216.90  0.0000702
217.00  0.0000675
217.10  0.0000644
217.20  0.0000624
217.30  0.0000605
217.40  0.0000572
217.50  0.0000532
217.60  0.0000537
217.70  0.0000544
217.80  0.0000534
217.90  0.0000508
218.00  0.0000491
218.10  0.0000458
218.20  0.0000445
218.30  0.0000467
218.40  0.0000445
218.50  0.0000413
218.60  0.0000402
218.70  0.0000374
218.80  0.0000370
218.90  0.0000356
219.00  0.0000350
219.10  0.0000347
219.20  0.0000374
219.30  0.0000411
219.40  0.0000398
219.50  0.0000380
219.60  0.0000360
219.70  0.0000401
219.80  0.0000433
219.90  0.0000414
220.00  0.0000424
220.10  0.0000428
220.20  0.0000429
220.30  0.0000436
220.40  0.0000443
220.50  0.0000445
220.60  0.0000422
220.70  0.0000418
220.80  0.0000411
220.90  0.0000416
221.00  0.0000420
221.10  0.0000407
221.20  0.0000429
221.30  0.0000434
221.40  0.0000441
221.50  0.0000461
221.60  0.0000489
221.70  0.0000454
221.80  0.0000426
221.90  0.0000419
222.00  0.0000436
222.10  0.0000447
222.20  0.0000477
222.30  0.0000483
222.40  0.0000498
222.50  0.0000511
222.60  0.0000496
222.70  0.0000479
222.80  0.0000491
222.90  0.0000494
223.00  0.0000504
223.10  0.0000485
223.20  0.0000469
223.30  0.0000448
223.40  0.0000454
223.50  0.0000464
223.60  0.0000456
223.70  0.0000491
223.80  0.0000518
223.90  0.0000516
224.00  0.0000512
224.10  0.0000530
224.20  0.0000503
224.30  0.0000500
224.40  0.0000481
224.50  0.0000549
224.60  0.0000600
224.70  0.0000620
224.80  0.0000620
224.90  0.0000582
225.00  0.0000569
225.10  0.0000564
225.20  0.0000610
225.30  0.0000633
225.40  0.0000653
225.50  0.0000659
225.60  0.0000677
225.70  0.0000709
225.80  0.0000691
225.90  0.0000646
226.00  0.0000602
226.10  0.0000616
226.20  0.0000645
226.30  0.0000653
226.40  0.0000644
226.50  0.0000670
226.60  0.0000708
226.70  0.0000695
226.80  0.0000681
226.90  0.0000704
227.00  0.0000757
227.10  0.0000782
227.20  0.0000814
227.30  0.0000854
227.40  0.0000890
227.50  0.0000901
227.60  0.0000903
227.70  0.0000953
227.80  0.0000961
227.90  0.0000979
228.00  0.0001000
228.10  0.0000973
228.20  0.0001003
228.30  0.0000955
228.40  0.0000969
228.50  0.0000926
228.60  0.0000876
228.70  0.0000866
228.80  0.0000883
228.90  0.0000885
229.00  0.0000888
229.10  0.0000868
229.20  0.0000876
229.30  0.0000876
229.40  0.0000880
229.50  0.0000895
229.60  0.0000910
229.70  0.0000909
229.80  0.0000909
229.90  0.0000910
230.00  0.0000943
230.10  0.0000925
230.20  0.0000904
230.30  0.0000881
230.40  0.0000881
230.50  0.0000901
230.60  0.0000903
230.70  0.0000916
230.80  0.0000916
230.90  0.0000942
231.00  0.0000935
231.10  0.0000935
231.20  0.0000972
231.30  0.0001016
231.40  0.0001040
231.50  0.0001041
231.60  0.0001024
231.70  0.0001003
231.80  0.0000990
231.90  0.0001017
232.00  0.0001012
232.10  0.0001031
232.20  0.0000985
232.30  0.0000999
232.40  0.0000994
232.50  0.0000984
232.60  0.0000966
232.70  0.0000963
232.80  0.0000953
232.90  0.0000976
233.00  0.0000966
233.10  0.0000957
233.20  0.0000921
233.30  0.0000893
233.40  0.0000876
233.50  0.0000875
233.60  0.0000883
233.70  0.0000848
233.80  0.0000834
233.90  0.0000821
234.00  0.0000807
234.10  0.0000778
234.20  0.0000818
234.30  0.0000820
234.40  0.0000820
234.50  0.0000777
234.60  0.0000716
234.70  0.0000739
234.80  0.0000732
234.90  0.0000765
235.00  0.0000779
235.10  0.0000760
235.20  0.0000767
235.30  0.0000744
235.40  0.0000790
235.50  0.0000781
235.60  0.0000760
235.70  0.0000785
235.80  0.0000803
235.90  0.0000782
236.00  0.0000733
236.10  0.0000709
236.20  0.0000663
236.30  0.0000624
236.40  0.0000592
236.50  0.0000588
236.60  0.0000599
236.70  0.0000561
236.80  0.0000547
236.90  0.0000518
237.00  0.0000485
237.10  0.0000475
237.20  0.0000458
237.30  0.0000431
237.40  0.0000422
237.50  0.0000389
237.60  0.0000420
237.70  0.0000399
237.80  0.0000409
237.90  0.0000363
238.00  0.0000312
238.10  0.0000282
238.20  0.0000259
238.30  0.0000257
238.40  0.0000208
238.50  0.0000199
238.60  0.0000163
238.70  0.0000151
238.80  0.0000114
238.90  0.0000098
239.00  0.0000073
239.10  0.0000038
239.20  0.0000020
239.30  -0.0000015
239.40  -0.0000011
239.50  -0.0000014
239.60  -0.0000032
239.70  -0.0000051
239.80  -0.0000029
239.90  0.0000008
240.00  -0.0000017
240.10  -0.0000021
240.20  0.0000008
240.30  -0.0000003
240.40  0.0000009
240.50  -0.0000035
240.60  -0.0000072
240.70  -0.0000099
240.80  -0.0000095
240.90  -0.0000107
241.00  -0.0000111
241.10  -0.0000109
241.20  -0.0000098
241.30  -0.0000081
241.40  -0.0000053
241.50  -0.0000057
241.60  -0.0000088
241.70  -0.0000080
241.80  -0.0000081
241.90  -0.0000041
242.00  -0.0000042
242.10  -0.0000022
242.20  -0.0000018
242.30  0.0000003
242.40  0.0000042
242.50  0.0000095
242.60  0.0000128
242.70  0.0000145
242.80  0.0000175
242.90  0.0000194
243.00  0.0000240
243.10  0.0000253
243.20  0.0000296
243.30  0.0000349
243.40  0.0000359
243.50  0.0000344
243.60  0.0000291
243.70  0.0000341
243.80  0.0000381
243.90  0.0000401
244.00  0.0000431
244.10  0.0000450
244.20  0.0000460
244.30  0.0000462
244.40  0.0000459
244.50  0.0000477
244.60  0.0000470
244.70  0.0000457
244.80  0.0000492
244.90  0.0000493
245.00  0.0000476
245.10  0.0000462
245.20  0.0000459
245.30  0.0000461
245.40  0.0000497
245.50  0.0000532
245.60  0.0000558
245.70  0.0000596
245.80  0.0000603
245.90  0.0000620
246.00  0.0000639
246.10  0.0000657
246.20  0.0000691
246.30  0.0000710
246.40  0.0000707
246.50  0.0000731
246.60  0.0000680
246.70  0.0000615
246.80  0.0000592
246.90  0.0000621
247.00  0.0000643
247.10  0.0000645
247.20  0.0000647
247.30  0.0000642
247.40  0.0000654
247.50  0.0000664
247.60  0.0000691
247.70  0.0000684
247.80  0.0000710
247.90  0.0000763
248.00  0.0000776
248.10  0.0000724
248.20  0.0000724
248.30  0.0000725
248.40  0.0000717
248.50  0.0000743
248.60  0.0000741
248.70  0.0000751
248.80  0.0000753
248.90  0.0000779
249.00  0.0000759
249.10  0.0000745
249.20  0.0000744
249.30  0.0000761
249.40  0.0000755
249.50  0.0000717
249.60  0.0000718
249.70  0.0000729
249.80  0.0000718
249.90  0.0000747
250.00  0.0000710
250.10  0.0000697
250.20  0.0000671
250.30  0.0000674
250.40  0.0000669
250.50  0.0000640
250.60  0.0000596
250.70  0.0000606
250.80  0.0000601
250.90  0.0000612
251.00  0.0000616
251.10  0.0000607
251.20  0.0000570
251.30  0.0000555
251.40  0.0000535
251.50  0.0000467
251.60  0.0000424
251.70  0.0000388
251.80  0.0000376
251.90  0.0000346
252.00  0.0000312
252.10  0.0000278
252.20  0.0000291
252.30  0.0000248
252.40  0.0000245
252.50  0.0000230
252.60  0.0000234
252.70  0.0000196
252.80  0.0000154
252.90  0.0000096
253.00  0.0000081
253.10  0.0000087
253.20  0.0000063
253.30  0.0000067
253.40  0.0000055
253.50  0.0000061
253.60  0.0000097
253.70  0.0000080
253.80  0.0000047
253.90  0.0000033
254.00  0.0000058
254.10  0.0000023
254.20  -0.0000015
254.30  -0.0000054
254.40  -0.0000055
254.50  -0.0000036
254.60  -0.0000031
254.70  -0.0000028
254.80  -0.0000048
254.90  -0.0000064
255.00  -0.0000074
255.10  -0.0000083
255.20  -0.0000049
255.30  -0.0000042
255.40  -0.0000030
255.50  -0.0000048
255.60  -0.0000074
255.70  -0.0000083
255.80  -0.0000111
255.90  -0.0000123
256.00  -0.0000175
256.10  -0.0000185
256.20  -0.0000242
256.30  -0.0000257
256.40  -0.0000250
256.50  -0.0000254
256.60  -0.0000265
256.70  -0.0000260
256.80  -0.0000258
256.90  -0.0000280
257.00  -0.0000280
257.10  -0.0000251
257.20  -0.0000235
257.30  -0.0000202
257.40  -0.0000213
257.50  -0.0000185
257.60  -0.0000168
257.70  -0.0000153
257.80  -0.0000152
257.90  -0.0000144
258.00  -0.0000125
258.10  -0.0000091
258.20  -0.0000031
258.30  0.0000008
258.40  0.0000019
258.50  0.0000029
258.60  0.0000033
258.70  0.0000061
258.80  0.0000095
258.90  0.0000121
259.00  0.0000159
259.10  0.0000156
259.20  0.0000137
259.30  0.0000178
259.40  0.0000200
259.50  0.0000212
259.60  0.0000202
259.70  0.0000241
259.80  0.0000278
259.90  0.0000299
260.00  0.0000291
260.10  0.0000310
260.20  0.0000322
260.30  0.0000310
260.40  0.0000290
260.50  0.0000296
260.60  0.0000314
260.70  0.0000333
260.80  0.0000301
260.90  0.0000298
261.00  0.0000293
261.10  0.0000300
261.20  0.0000332
261.30  0.0000366
261.40  0.0000372
261.50  0.0000369
261.60  0.0000344
261.70  0.0000332
261.80  0.0000334
261.90  0.0000338
262.00  0.0000317
262.10  0.0000309
262.20  0.0000301
262.30  0.0000316
262.40  0.0000306
262.50  0.0000277
262.60  0.0000268
262.70  0.0000250
262.80  0.0000242
262.90  0.0000235
263.00  0.0000246
263.10  0.0000246
263.20  0.0000207
263.30  0.0000194
263.40  0.0000166
263.50  0.0000122
263.60  0.0000092
263.70  0.0000063
263.80  0.0000051
263.90  0.0000092
264.00  0.0000120
264.10  0.0000121
264.20  0.0000129
264.30  0.0000116
264.40  0.0000106
264.50  0.0000092
264.60  0.0000119
264.70  0.0000117
264.80  0.0000123
264.90  0.0000113
265.00  0.0000067
265.10  0.0000088
265.20  0.0000107
265.30  0.0000103
265.40  0.0000107
265.50  0.0000096
265.60  0.0000121
265.70  0.0000113
265.80  0.0000119
265.90  0.0000102
266.00  0.0000145
266.10  0.0000163
266.20  0.0000170
266.30  0.0000155
266.40  0.0000158
266.50  0.0000188
266.60  0.0000203
266.70  0.0000244
266.80  0.0000253
266.90  0.0000277
267.00  0.0000267
267.10  0.0000267
267.20  0.0000282
267.30  0.0000315
267.40  0.0000285
267.50  0.0000289
267.60  0.0000291
267.70  0.0000274
267.80  0.0000269
267.90  0.0000263
268.00  0.0000265
268.10  0.0000278
268.20  0.0000274
268.30  0.0000262
268.40  0.0000263
268.50  0.0000274
268.60  0.0000264
268.70  0.0000230
268.80  0.0000261
268.90  0.0000312
269.00  0.0000350
269.10  0.0000363
269.20  0.0000388
269.30  0.0000400
269.40  0.0000379
269.50  0.0000385
269.60  0.0000387
269.70  0.0000390
269.80  0.0000390
269.90  0.0000397
270.00  0.0000413
270.10  0.0000426
270.20  0.0000420
270.30  0.0000434
270.40  0.0000431
270.50  0.0000437
270.60  0.0000454
270.70  0.0000450
270.80  0.0000443
270.90  0.0000445
271.00  0.0000440
271.10  0.0000433
271.20  0.0000418
271.30  0.0000390
271.40  0.0000369
271.50  0.0000363
271.60  0.0000349
271.70  0.0000346
271.80  0.0000300
271.90  0.0000304
272.00  0.0000296
272.10  0.0000295
272.20  0.0000289
272.30  0.0000287
272.40  0.0000272
272.50  0.0000260
272.60  0.0000279
272.70  0.0000272
272.80  0.0000278
272.90  0.0000286
273.00  0.0000282
273.10  0.0000291
273.20  0.0000296
273.30  0.0000265
273.40  0.0000292
273.50  0.0000312
273.60  0.0000340
273.70  0.0000373
273.80  0.0000387
273.90  0.0000420
274.00  0.0000415
274.10  0.0000425
274.20  0.0000474
274.30  0.0000485
274.40  0.0000491
274.50  0.0000485
274.60  0.0000501
274.70  0.0000522
274.80  0.0000546
274.90  0.0000561
275.00  0.0000560
275.10  0.0000560
275.20  0.0000593
275.30  0.0000595
275.40  0.0000596
275.50  0.0000600
275.60  0.0000601
275.70  0.0000600
275.80  0.0000584
275.90  0.0000584
276.00  0.0000587
276.10  0.0000576
276.20  0.0000583
276.30  0.0000570
276.40  0.0000568
276.50  0.0000577
276.60  0.0000590
276.70  0.0000590
276.80  0.0000616
276.90  0.0000615
277.00  0.0000629
277.10  0.0000639
277.20  0.0000661
277.30  0.0000631
277.40  0.0000590
277.50  0.0000557
277.60  0.0000548
277.70  0.0000540
277.80  0.0000548
277.90  0.0000562
278.00  0.0000547
278.10  0.0000549
278.20  0.0000552
278.30  0.0000527
278.40  0.0000482
278.50  0.0000460
278.60  0.0000421
278.70  0.0000394
278.80  0.0000389
278.90  0.0000376
279.00  0.0000358
279.10  0.0000356
279.20  0.0000375
279.30  0.0000373
279.40  0.0000369
279.50  0.0000353
279.60  0.0000317
279.70  0.0000306
279.80  0.0000303
279.90  0.0000277
280.00  0.0000261
280.10  0.0000258
280.20  0.0000274
280.30  0.0000293
280.40  0.0000322
280.50  0.0000320
280.60  0.0000329
280.70  0.0000326
280.80  0.0000356
280.90  0.0000368
281.00  0.0000374
281.10  0.0000380
281.20  0.0000358
281.30  0.0000348
281.40  0.0000317
281.50  0.0000300
281.60  0.0000280
281.70  0.0000305
281.80  0.0000325
281.90  0.0000364
282.00  0.0000384
282.10  0.0000387
282.20  0.0000349
282.30  0.0000322
282.40  0.0000299
282.50  0.0000284
282.60  0.0000262
282.70  0.0000260
282.80  0.0000250
282.90  0.0000239
283.00  0.0000219
283.10  0.0000192
283.20  0.0000169
283.30  0.0000166
283.40  0.0000161
283.50  0.0000169
283.60  0.0000148
283.70  0.0000141
283.80  0.0000108
283.90  0.0000085
284.00  0.0000086
284.10  0.0000102
284.20  0.0000074
284.30  0.0000049
284.40  0.0000025
284.50  0.0000021
284.60  -0.0000007
284.70  -0.0000006
284.80  -0.0000010
284.90  -0.0000044
285.00  -0.0000053
285.10  -0.0000041
285.20  -0.0000052
285.30  -0.0000044
285.40  -0.0000045
285.50  -0.0000044
285.60  -0.0000066
285.70  -0.0000056
285.80  -0.0000031
285.90  -0.0000034
286.00  -0.0000067
286.10  -0.0000049
286.20  -0.0000073
286.30  -0.0000066
286.40  -0.0000070
286.50  -0.0000115
286.60  -0.0000093
286.70  -0.0000119
286.80  -0.0000123
286.90  -0.0000142
287.00  -0.0000154
287.10  -0.0000167
287.20  -0.0000163
287.30  -0.0000102
287.40  -0.0000115
287.50  -0.0000116
287.60  -0.0000142
287.70  -0.0000188
287.80  -0.0000246
287.90  -0.0000250
288.00  -0.0000276
288.10  -0.0000300
288.20  -0.0000325
288.30  -0.0000345
288.40  -0.0000345
288.50  -0.0000336
288.60  -0.0000358
288.70  -0.0000410
288.80  -0.0000420
288.90  -0.0000449
289.00  -0.0000467
289.10  -0.0000448
289.20  -0.0000466
289.30  -0.0000455
289.40  -0.0000466
289.50  -0.0000487
289.60  -0.0000510
289.70  -0.0000512
289.80  -0.0000501
289.90  -0.0000500
290.00  -0.0000548
290.10  -0.0000564
290.20  -0.0000574
290.30  -0.0000589
290.40  -0.0000643
290.50  -0.0000662
290.60  -0.0000660
290.70  -0.0000639
290.80  -0.0000653
290.90  -0.0000666
291.00  -0.0000682
291.10  -0.0000667
291.20  -0.0000677
291.30  -0.0000652
291.40  -0.0000615
291.50  -0.0000580
291.60  -0.0000554
291.70  -0.0000540
291.80  -0.0000556
291.90  -0.0000520
292.00  -0.0000514
292.10  -0.0000522
292.20  -0.0000498
292.30  -0.0000445
292.40  -0.0000430
292.50  -0.0000374
292.60  -0.0000341
292.70  -0.0000319
292.80  -0.0000314
292.90  -0.0000291
293.00  -0.0000271
293.10  -0.0000224
293.20  -0.0000209
293.30  -0.0000194
293.40  -0.0000153
293.50  -0.0000098
293.60  -0.0000081
293.70  -0.0000067
293.80  -0.0000065
293.90  -0.0000062
294.00  -0.0000029
294.10  0.0000006
294.20  0.0000009
294.30  0.0000059
294.40  0.0000085
294.50  0.0000129
294.60  0.0000165
294.70  0.0000177
294.80  0.0000197
294.90  0.0000228
295.00  0.0000207
295.10  0.0000206
295.20  0.0000199
295.30  0.0000219
295.40  0.0000241
295.50  0.0000278
295.60  0.0000303
295.70  0.0000303
295.80  0.0000297
295.90  0.0000304
296.00  0.0000323
296.10  0.0000334
296.20  0.0000322
296.30  0.0000308
296.40  0.0000270
296.50  0.0000303
296.60  0.0000324
296.70  0.0000297
296.80  0.0000284
296.90  0.0000288
297.00  0.0000298
297.10  0.0000299
297.20  0.0000285
297.30  0.0000298
297.40  0.0000331
297.50  0.0000339
297.60  0.0000340
297.70  0.0000346
297.80  0.0000372
297.90  0.0000344
298.00  0.0000324
298.10  0.0000309
298.20  0.0000315
298.30  0.0000338
298.40  0.0000318
298.50  0.0000322
298.60  0.0000342
298.70  0.0000335
298.80  0.0000364
298.90  0.0000402
299.00  0.0000415
299.10  0.0000438
299.20  0.0000474
299.30  0.0000501
299.40  0.0000508
299.50  0.0000495
299.60  0.0000458
299.70  0.0000410
299.80  0.0000405
299.90  0.0000402
300.00  0.0000412
300.10  0.0000401
300.20  0.0000394
300.30  0.0000411
300.40  0.0000418
300.50  0.0000410
300.60  0.0000431
300.70  0.0000443
300.80  0.0000426
300.90  0.0000423
301.00  0.0000392
301.10  0.0000412
301.20  0.0000417
301.30  0.0000441
301.40  0.0000448
301.50  0.0000461
301.60  0.0000493
301.70  0.0000511
301.80  0.0000524
301.90  0.0000558
302.00  0.0000582
302.10  0.0000578
302.20  0.0000562
302.30  0.0000547
302.40  0.0000526
302.50  0.0000534
302.60  0.0000562
302.70  0.0000556
302.80  0.0000552
302.90  0.0000556
303.00  0.0000563
303.10  0.0000581
303.20  0.0000566
303.30  0.0000572
303.40  0.0000575
303.50  0.0000570
303.60  0.0000567
303.70  0.0000568
303.80  0.0000559
303.90  0.0000575
304.00  0.0000558
304.10  0.0000531
304.20  0.0000508
304.30  0.0000490
304.40  0.0000459
304.50  0.0000436
304.60  0.0000413
304.70  0.0000406
304.80  0.0000430
304.90  0.0000443
305.00  0.0000437
305.10  0.0000448
305.20  0.0000467
305.30  0.0000477
305.40  0.0000488
305.50  0.0000485
305.60  0.0000467
305.70  0.0000476
305.80  0.0000483
305.90  0.0000462
306.00  0.0000457
306.10  0.0000473
306.20  0.0000465
306.30  0.0000456
306.40  0.0000474
306.50  0.0000488
306.60  0.0000480
306.70  0.0000465
306.80  0.0000432
306.90  0.0000421
307.00  0.0000403
307.10  0.0000416
307.20  0.0000395
307.30  0.0000380
307.40  0.0000379
307.50  0.0000347
307.60  0.0000332
307.70  0.0000338
307.80  0.0000337
307.90  0.0000353
308.00  0.0000352
308.10  0.0000340
308.20  0.0000342
308.30  0.0000342
308.40  0.0000336
308.50  0.0000298
308.60  0.0000290
308.70  0.0000298
308.80  0.0000274
308.90  0.0000255
309.00  0.0000216
309.10  0.0000186
309.20  0.0000165
309.30  0.0000156
309.40  0.0000145
309.50  0.0000130
309.60  0.0000091
309.70  0.0000071
309.80  0.0000045
309.90  -0.0000010
310.00  -0.0000061
310.10  -0.0000092
310.20  -0.0000113
310.30  -0.0000103
310.40  -0.0000108
310.50  -0.0000149
310.60  -0.0000150
310.70  -0.0000153
310.80  -0.0000160
310.90  -0.0000159
311.00  -0.0000146
311.10  -0.0000136
311.20  -0.0000142
311.30  -0.0000118
311.40  -0.0000102
311.50  -0.0000103
311.60  -0.0000092
311.70  -0.0000100
311.80  -0.0000092
311.90  -0.0000077
312.00  -0.0000083
312.10  -0.0000045
312.20  -0.0000035
312.30  -0.0000011
312.40  0.0000000
312.50  0.0000016
312.60  0.0000019
312.70  0.0000035
312.80  0.0000042
312.90  0.0000095
313.00  0.0000089
313.10  0.0000079
313.20  0.0000079
313.30  0.0000095
313.40  0.0000105
313.50  0.0000114
313.60  0.0000130
313.70  0.0000121
313.80  0.0000120
313.90  0.0000149
314.00  0.0000207
314.10  0.0000284
314.20  0.0000325
314.30  0.0000323
314.40  0.0000301
314.50  0.0000287
314.60  0.0000295
314.70  0.0000306
314.80  0.0000323
314.90  0.0000329
315.00  0.0000330
315.10  0.0000321
315.20  0.0000293
315.30  0.0000278
315.40  0.0000292
315.50  0.0000277
315.60  0.0000289
315.70  0.0000275
315.80  0.0000255
315.90  0.0000256
316.00  0.0000250
316.10  0.0000265
316.20  0.0000279
316.30  0.0000301
316.40  0.0000315
316.50  0.0000318
316.60  0.0000332
316.70  0.0000339
316.80  0.0000345
316.90  0.0000352
317.00  0.0000353
317.10  0.0000375
317.20  0.0000390
317.30  0.0000397
317.40  0.0000420
317.50  0.0000465
317.60  0.0000458
317.70  0.0000485
317.80  0.0000461
317.90  0.0000440
318.00  0.0000447
318.10  0.0000434
318.20  0.0000430
318.30  0.0000430
318.40  0.0000429
318.50  0.0000429
318.60  0.0000434
318.70  0.0000451
318.80  0.0000465
318.90  0.0000435
319.00  0.0000425
319.10  0.0000417
319.20  0.0000420
319.30  0.0000409
319.40  0.0000423
319.50  0.0000419
319.60  0.0000412
319.70  0.0000412
319.80  0.0000455
319.90  0.0000479
320.00  0.0000458
320.10  0.0000474
320.20  0.0000475
320.30  0.0000464
320.40  0.0000483
320.50  0.0000515
320.60  0.0000532
320.70  0.0000556
320.80  0.0000587
320.90  0.0000572
321.00  0.0000571
321.10  0.0000541
321.20  0.0000556
321.30  0.0000544
321.40  0.0000579
321.50  0.0000622
321.60  0.0000628
321.70  0.0000581
321.80  0.0000568
321.90  0.0000525
322.00  0.0000520
322.10  0.0000535
322.20  0.0000562
322.30  0.0000562
322.40  0.0000596
322.50  0.0000621
322.60  0.0000673
322.70  0.0000662
322.80  0.0000674
322.90  0.0000718
323.00  0.0000733
323.10  0.0000740
323.20  0.0000767
323.30  0.0000771
323.40  0.0000758
323.50  0.0000793
323.60  0.0000816
323.70  0.0000834
323.80  0.0000881
323.90  0.0000885
324.00  0.0000881
324.10  0.0000855
324.20  0.0000843
324.30  0.0000835
324.40  0.0000835
324.50  0.0000849
324.60  0.0000867
324.70  0.0000894
324.80  0.0000923
324.90  0.0000922
325.00  0.0000980
325.10  0.0000973
325.20  0.0000967
325.30  0.0000969
325.40  0.0000975
325.50  0.0000962
325.60  0.0000998
325.70  0.0000965
325.80  0.0000962
325.90  0.0000972
326.00  0.0000985
326.10  0.0001016
326.20  0.0001036
326.30  0.0001094
326.40  0.0001165
326.50  0.0001186
326.60  0.0001204
326.70  0.0001206
326.80  0.0001261
326.90  0.0001295
327.00  0.0001324
327.10  0.0001324
327.20  0.0001301
327.30  0.0001281
327.40  0.0001260
327.50  0.0001269
327.60  0.0001291
327.70  0.0001281
327.80  0.0001305
327.90  0.0001262
328.00  0.0001262
328.10  0.0001254
328.20  0.0001239
328.30  0.0001235
328.40  0.0001184
328.50  0.0001133
328.60  0.0001132
328.70  0.0001125
328.80  0.0001117
328.90  0.0001123
329.00  0.0001126
329.10  0.0001113
329.20  0.0001084
329.30  0.0001097
329.40  0.0001104
329.50  0.0001091
329.60  0.0001079
329.70  0.0001062
329.80  0.0001060
329.90  0.0001048
330.00  0.0001008
330.10  0.0001036
330.20  0.0001019
330.30  0.0001067
330.40  0.0001077
330.50  0.0001060
330.60  0.0001020
330.70  0.0001021
330.80  0.0001032
330.90  0.0001020
331.00  0.0001004
331.10  0.0000999
331.20  0.0001002
331.30  0.0000973
331.40  0.0000917
331.50  0.0000869
331.60  0.0000810
331.70  0.0000794
331.80  0.0000820
331.90  0.0000820
332.00  0.0000810
332.10  0.0000813
332.20  0.0000786
332.30  0.0000769
332.40  0.0000802
332.50  0.0000800
332.60  0.0000783
332.70  0.0000775
332.80  0.0000781
332.90  0.0000790
333.00  0.0000795
333.10  0.0000815
333.20  0.0000783
333.30  0.0000757
333.40  0.0000744
333.50  0.0000723
333.60  0.0000736
333.70  0.0000783
333.80  0.0000806
333.90  0.0000822
334.00  0.0000820
334.10  0.0000804
334.20  0.0000839
334.30  0.0000839
334.40  0.0000806
334.50  0.0000789
334.60  0.0000799
334.70  0.0000831
334.80  0.0000782
334.90  0.0000804
335.00  0.0000801
335.10  0.0000814
335.20  0.0000825
335.30  0.0000867
335.40  0.0000863
335.50  0.0000836
335.60  0.0000832
335.70  0.0000825
335.80  0.0000795
335.90  0.0000792
336.00  0.0000791
336.10  0.0000793
336.20  0.0000807
336.30  0.0000825
336.40  0.0000795
336.50  0.0000776
336.60  0.0000745
336.70  0.0000710
336.80  0.0000732
336.90  0.0000794
337.00  0.0000861
337.10  0.0000891
337.20  0.0000863
337.30  0.0000834
337.40  0.0000831
337.50  0.0000848
337.60  0.0000856
337.70  0.0000858
337.80  0.0000827
337.90  0.0000830
338.00  0.0000819
338.10  0.0000852
338.20  0.0000862
338.30  0.0000873
338.40  0.0000867
338.50  0.0000863
338.60  0.0000907
338.70  0.0000936
338.80  0.0000902
338.90  0.0000912
339.00  0.0000880
339.10  0.0000873
339.20  0.0000918
339.30  0.0000940
339.40  0.0000932
339.50  0.0000931
339.60  0.0000925
339.70  0.0000960
339.80  0.0000961
339.90  0.0000966
340.00  0.0001007
340.10  0.0000999
340.20  0.0000983
340.30  0.0001000
340.40  0.0000977
340.50  0.0000983
340.60  0.0001037
340.70  0.0001044
340.80  0.0001042
340.90  0.0001063
341.00  0.0001067
341.10  0.0001057
341.20  0.0001038
341.30  0.0001000
341.40  0.0001022
341.50  0.0001017
341.60  0.0001041
341.70  0.0001039
341.80  0.0000985
341.90  0.0000931
342.00  0.0000867
342.10  0.0000842
342.20  0.0000808
342.30  0.0000826
342.40  0.0000839
342.50  0.0000826
342.60  0.0000849
342.70  0.0000876
342.80  0.0000850
342.90  0.0000846
343.00  0.0000850
343.10  0.0000835
343.20  0.0000831
343.30  0.0000790
343.40  0.0000752
343.50  0.0000728
343.60  0.0000738
343.70  0.0000692
343.80  0.0000677
343.90  0.0000665
344.00  0.0000665
344.10  0.0000641
344.20  0.0000658
344.30  0.0000647
344.40  0.0000663
344.50  0.0000685
344.60  0.0000717
344.70  0.0000691
344.80  0.0000704
344.90  0.0000695
345.00  0.0000681
345.10  0.0000666
345.20  0.0000638
345.30  0.0000615
345.40  0.0000633
345.50  0.0000628
345.60  0.0000669
345.70  0.0000671
345.80  0.0000678
345.90  0.0000697
346.00  0.0000681
346.10  0.0000711
346.20  0.0000715
346.30  0.0000707
346.40  0.0000661
346.50  0.0000635
346.60  0.0000593
346.70  0.0000604
346.80  0.0000632
346.90  0.0000638
347.00  0.0000594
347.10  0.0000564
347.20  0.0000539
347.30  0.0000574
347.40  0.0000611
347.50  0.0000644
347.60  0.0000669
347.70  0.0000691
347.80  0.0000691
347.90  0.0000720
348.00  0.0000729
348.10  0.0000721
348.20  0.0000765
348.30  0.0000797
348.40  0.0000833
348.50  0.0000848
348.60  0.0000858
348.70  0.0000868
348.80  0.0000866
348.90  0.0000867
349.00  0.0000909
349.10  0.0000943
349.20  0.0000968
349.30  0.0000971
349.40  0.0000952
349.50  0.0000927
349.60  0.0000923
349.70  0.0000926
349.80  0.0000924
349.90  0.0000886
350.00  0.0000851
350.10  0.0000779
350.20  0.0000751
350.30  0.0000725
350.40  0.0000727
350.50  0.0000720
350.60  0.0000707
350.70  0.0000662
350.80  0.0000641
350.90  0.0000615
351.00  0.0000561
351.10  0.0000574
351.20  0.0000572
351.30  0.0000562
351.40  0.0000576
351.50  0.0000596
351.60  0.0000582
351.70  0.0000592
351.80  0.0000559
351.90  0.0000494
352.00  0.0000443
352.10  0.0000420
352.20  0.0000388
352.30  0.0000370
352.40  0.0000369
352.50  0.0000373
352.60  0.0000361
352.70  0.0000327
352.80  0.0000290
352.90  0.0000297
353.00  0.0000305
353.10  0.0000322
353.20  0.0000339
353.30  0.0000307
353.40  0.0000270
353.50  0.0000264
353.60  0.0000245
353.70  0.0000227
353.80  0.0000208
353.90  0.0000238
354.00  0.0000225
354.10  0.0000246
354.20  0.0000252
354.30  0.0000241
354.40  0.0000246
354.50  0.0000224
354.60  0.0000259
354.70  0.0000284
354.80  0.0000293
354.90  0.0000330
355.00  0.0000321
355.10  0.0000302
355.20  0.0000268
355.30  0.0000234
355.40  0.0000238
355.50  0.0000226
355.60  0.0000232
355.70  0.0000209
355.80  0.0000225
355.90  0.0000208
356.00  0.0000201
356.10  0.0000219
356.20  0.0000255
356.30  0.0000212
356.40  0.0000202
356.50  0.0000204
356.60  0.0000187
356.70  0.0000175
356.80  0.0000145
356.90  0.0000104
357.00  0.0000080
357.10  0.0000079
357.20  0.0000095
357.30  0.0000094
357.40  0.0000052
357.50  0.0000060
357.60  0.0000090
357.70  0.0000072
357.80  0.0000059
357.90  0.0000050
358.00  0.0000047
358.10  0.0000053
358.20  0.0000044
358.30  0.0000038
358.40  0.0000017
358.50  -0.0000016
358.60  -0.0000044
358.70  -0.0000063
358.80  -0.0000080
358.90  -0.0000089
359.00  -0.0000120
359.10  -0.0000154
359.20  -0.0000157
359.30  -0.0000169
359.40  -0.0000182
359.50  -0.0000211
359.60  -0.0000239
359.70  -0.0000233
359.80  -0.0000250
359.90  -0.0000248
360.00  -0.0000243
360.10  -0.0000224
360.20  -0.0000222
360.30  -0.0000256
360.40  -0.0000309
360.50  -0.0000340
360.60  -0.0000341
360.70  -0.0000325
360.80  -0.0000350
360.90  -0.0000400
361.00  -0.0000413
361.10  -0.0000424
361.20  -0.0000412
361.30  -0.0000391
361.40  -0.0000365
361.50  -0.0000366
361.60  -0.0000367
361.70  -0.0000394
361.80  -0.0000377
361.90  -0.0000357
362.00  -0.0000310
362.10  -0.0000298
362.20  -0.0000277
362.30  -0.0000272
362.40  -0.0000319
362.50  -0.0000309
362.60  -0.0000297
362.70  -0.0000313
362.80  -0.0000345
362.90  -0.0000362
363.00  -0.0000332
363.10  -0.0000343
363.20  -0.0000343
363.30  -0.0000327
363.40  -0.0000327
363.50  -0.0000346
363.60  -0.0000363
363.70  -0.0000370
363.80  -0.0000412
363.90  -0.0000407
364.00  -0.0000412
364.10  -0.0000394
364.20  -0.0000403
364.30  -0.0000398
364.40  -0.0000374
364.50  -0.0000372
364.60  -0.0000378
364.70  -0.0000374
364.80  -0.0000351
364.90  -0.0000329
365.00  -0.0000329
365.10  -0.0000330
365.20  -0.0000307
365.30  -0.0000306
365.40  -0.0000284
365.50  -0.0000322
365.60  -0.0000334
365.70  -0.0000349
365.80  -0.0000355
365.90  -0.0000367
366.00  -0.0000370
366.10  -0.0000391
366.20  -0.0000419
366.30  -0.0000412
366.40  -0.0000440
366.50  -0.0000446
366.60  -0.0000453
366.70  -0.0000443
366.80  -0.0000405
366.90  -0.0000399
367.00  -0.0000398
367.10  -0.0000423
367.20  -0.0000435
367.30  -0.0000435
367.40  -0.0000457
367.50  -0.0000485
367.60  -0.0000509
367.70  -0.0000515
367.80  -0.0000481
367.90  -0.0000448
368.00  -0.0000457
368.10  -0.0000460
368.20  -0.0000496
368.30  -0.0000514
368.40  -0.0000529
368.50  -0.0000543
368.60  -0.0000535
368.70  -0.0000511
368.80  -0.0000474
368.90  -0.0000492
369.00  -0.0000460
369.10  -0.0000459
369.20  -0.0000492
369.30  -0.0000478
369.40  -0.0000492
369.50  -0.0000506
369.60  -0.0000492
369.70  -0.0000501
369.80  -0.0000474
369.90  -0.0000490
370.00  -0.0000458
370.10  -0.0000443
370.20  -0.0000407
370.30  -0.0000386
370.40  -0.0000351
370.50  -0.0000349
370.60  -0.0000336
370.70  -0.0000336
370.80  -0.0000357
370.90  -0.0000378
371.00  -0.0000374
371.10  -0.0000398
371.20  -0.0000379
371.30  -0.0000398
371.40  -0.0000375
371.50  -0.0000386
371.60  -0.0000383
371.70  -0.0000397
371.80  -0.0000372
371.90  -0.0000384
372.00  -0.0000359
372.10  -0.0000317
372.20  -0.0000311
372.30  -0.0000324
372.40  -0.0000311
372.50  -0.0000306
372.60  -0.0000304
372.70  -0.0000346
372.80  -0.0000347
372.90  -0.0000380
373.00  -0.0000378
373.10  -0.0000383
373.20  -0.0000392
373.30  -0.0000376
373.40  -0.0000385
373.50  -0.0000386
373.60  -0.0000421
373.70  -0.0000416
373.80  -0.0000440
373.90  -0.0000455
374.00  -0.0000471
374.10  -0.0000473
374.20  -0.0000468
374.30  -0.0000465
374.40  -0.0000454
374.50  -0.0000448
374.60  -0.0000454
374.70  -0.0000431
374.80  -0.0000426
374.90  -0.0000420
375.00  -0.0000424
375.10  -0.0000375
375.20  -0.0000372
375.30  -0.0000391
375.40  -0.0000389
375.50  -0.0000404
375.60  -0.0000398
375.70  -0.0000387
375.80  -0.0000377
375.90  -0.0000359
376.00  -0.0000360
376.10  -0.0000389
376.20  -0.0000386
376.30  -0.0000381
376.40  -0.0000390
376.50  -0.0000398
376.60  -0.0000410
376.70  -0.0000415
376.80  -0.0000423
376.90  -0.0000442
377.00  -0.0000485
377.10  -0.0000544
377.20  -0.0000580
377.30  -0.0000637
377.40  -0.0000608
377.50  -0.0000597
377.60  -0.0000619
377.70  -0.0000647
377.80  -0.0000665
377.90  -0.0000659
378.00  -0.0000681
378.10  -0.0000676
378.20  -0.0000692
378.30  -0.0000703
378.40  -0.0000715
378.50  -0.0000715
378.60  -0.0000691
378.70  -0.0000698
378.80  -0.0000683
378.90  -0.0000664
379.00  -0.0000637
379.10  -0.0000624
379.20  -0.0000626
379.30  -0.0000646
379.40  -0.0000670
379.50  -0.0000701
379.60  -0.0000727
379.70  -0.0000734
379.80  -0.0000739
379.90  -0.0000748
380.00  -0.0000765
380.10  -0.0000762
380.20  -0.0000780
380.30  -0.0000786
380.40  -0.0000790
380.50  -0.0000804
380.60  -0.0000811
380.70  -0.0000833
380.80  -0.0000846
380.90  -0.0000866
381.00  -0.0000854
381.10  -0.0000864
381.20  -0.0000856
381.30  -0.0000879
381.40  -0.0000877
381.50  -0.0000877
381.60  -0.0000859
381.70  -0.0000834
381.80  -0.0000840
381.90  -0.0000829
382.00  -0.0000833
382.10  -0.0000796
382.20  -0.0000779
382.30  -0.0000763
382.40  -0.0000748
382.50  -0.0000749
382.60  -0.0000725
382.70  -0.0000739
382.80  -0.0000733
382.90  -0.0000731
383.00  -0.0000706
383.10  -0.0000695
383.20  -0.0000662
383.30  -0.0000637
383.40  -0.0000634
383.50  -0.0000629
383.60  -0.0000622
383.70  -0.0000586
383.80  -0.0000572
383.90  -0.0000532
384.00  -0.0000531
384.10  -0.0000544
384.20  -0.0000553
384.30  -0.0000565
384.40  -0.0000555
384.50  -0.0000553
384.60  -0.0000498
384.70  -0.0000476
384.80  -0.0000488
384.90  -0.0000477
385.00  -0.0000503
385.10  -0.0000514
385.20  -0.0000504
385.30  -0.0000522
385.40  -0.0000534
385.50  -0.0000540
385.60  -0.0000551
385.70  -0.0000568
385.80  -0.0000573
385.90  -0.0000562
386.00  -0.0000554
386.10  -0.0000549
386.20  -0.0000545
386.30  -0.0000549
386.40  -0.0000556
386.50  -0.0000568
386.60  -0.0000585
386.70  -0.0000579
386.80  -0.0000589
386.90  -0.0000590
387.00  -0.0000607
387.10  -0.0000650
387.20  -0.0000652
387.30  -0.0000681
387.40  -0.0000663
387.50  -0.0000651
387.60  -0.0000636
387.70  -0.0000652
387.80  -0.0000693
387.90  -0.0000725
388.00  -0.0000733
388.10  -0.0000727
388.20  -0.0000745
388.30  -0.0000746
388.40  -0.0000784
388.50  -0.0000780
388.60  -0.0000785
388.70  -0.0000775
388.80  -0.0000774
388.90  -0.0000770
389.00  -0.0000771
389.10  -0.0000771
389.20  -0.0000756
389.30  -0.0000757
389.40  -0.0000759
389.50  -0.0000741
389.60  -0.0000726
389.70  -0.0000679
389.80  -0.0000640
389.90  -0.0000598
390.00  -0.0000601
390.10  -0.0000627
390.20  -0.0000590
390.30  -0.0000569
390.40  -0.0000557
390.50  -0.0000547
390.60  -0.0000533
390.70  -0.0000498
390.80  -0.0000472
390.90  -0.0000449
391.00  -0.0000448
391.10  -0.0000425
391.20  -0.0000449
391.30  -0.0000435
391.40  -0.0000438
391.50  -0.0000438
391.60  -0.0000418
391.70  -0.0000413
391.80  -0.0000394
391.90  -0.0000384
392.00  -0.0000400
392.10  -0.0000416
392.20  -0.0000445
392.30  -0.0000458
392.40  -0.0000452
392.50  -0.0000478
392.60  -0.0000466
392.70  -0.0000490
392.80  -0.0000511
392.90  -0.0000536
393.00  -0.0000559
393.10  -0.0000607
393.20  -0.0000606
393.30  -0.0000627
393.40  -0.0000635
393.50  -0.0000658
393.60  -0.0000687
393.70  -0.0000736
393.80  -0.0000748
393.90  -0.0000778
394.00  -0.0000802
394.10  -0.0000823
394.20  -0.0000842
394.30  -0.0000854
394.40  -0.0000865
394.50  -0.0000871
394.60  -0.0000883
394.70  -0.0000913
394.80  -0.0000929
394.90  -0.0000923
395.00  -0.0000935
395.10  -0.0000947
395.20  -0.0000978
395.30  -0.0001017
395.40  -0.0001018
395.50  -0.0001029
395.60  -0.0001001
395.70  -0.0000990
395.80  -0.0000971
395.90  -0.0000968
396.00  -0.0000984
396.10  -0.0000982
396.20  -0.0000987
396.30  -0.0001007
396.40  -0.0001002
396.50  -0.0000981
396.60  -0.0000986
396.70  -0.0001008
396.80  -0.0001031
396.90  -0.0001035
397.00  -0.0001046
397.10  -0.0001050
397.20  -0.0001064
397.30  -0.0001047
397.40  -0.0001035
397.50  -0.0001024
397.60  -0.0001023
397.70  -0.0001030
397.80  -0.0001049
397.90  -0.0001020
398.00  -0.0001012
398.10  -0.0001010
398.20  -0.0001012
398.30  -0.0001011
398.40  -0.0001035
398.50  -0.0001046
398.60  -0.0001053
398.70  -0.0001071
398.80  -0.0001093
398.90  -0.0001070
399.00  -0.0001075
399.10  -0.0001071
399.20  -0.0001061
399.30  -0.0001064
399.40  -0.0001073
399.50  -0.0001083
399.60  -0.0001095
399.70  -0.0001110
399.80  -0.0001100
399.90  -0.0001093
400.00  -0.0001091
400.10  -0.0001113
400.20  -0.0001124
400.30  -0.0001115
400.40  -0.0001136
400.50  -0.0001152
400.60  -0.0001165
400.70  -0.0001155
400.80  -0.0001152
400.90  -0.0001165
401.00  -0.0001170
401.10  -0.0001157
401.20  -0.0001152
401.30  -0.0001141
401.40  -0.0001131
401.50  -0.0001143
401.60  -0.0001120
401.70  -0.0001136
401.80  -0.0001150
401.90  -0.0001147
402.00  -0.0001144
402.10  -0.0001148
402.20  -0.0001179
402.30  -0.0001189
402.40  -0.0001221
402.50  -0.0001243
402.60  -0.0001292
402.70  -0.0001327
402.80  -0.0001345
402.90  -0.0001356
403.00  -0.0001362
403.10  -0.0001386
403.20  -0.0001399
403.30  -0.0001423
403.40  -0.0001447
403.50  -0.0001469
403.60  -0.0001490
403.70  -0.0001502
403.80  -0.0001528
403.90  -0.0001533
404.00  -0.0001551
404.10  -0.0001563
404.20  -0.0001573
404.30  -0.0001581
404.40  -0.0001581
404.50  -0.0001595
404.60  -0.0001610
404.70  -0.0001615
404.80  -0.0001593
404.90  -0.0001577
405.00  -0.0001582
405.10  -0.0001609
405.20  -0.0001579
405.30  -0.0001553
405.40  -0.0001535
405.50  -0.0001512
405.60  -0.0001509
405.70  -0.0001502
405.80  -0.0001504
405.90  -0.0001531
406.00  -0.0001550
406.10  -0.0001572
406.20  -0.0001597
406.30  -0.0001609
406.40  -0.0001644
406.50  -0.0001678
406.60  -0.0001708
406.70  -0.0001733
406.80  -0.0001749
406.90  -0.0001784
407.00  -0.0001802
407.10  -0.0001849
407.20  -0.0001869
407.30  -0.0001896
407.40  -0.0001886
407.50  -0.0001876
407.60  -0.0001892
407.70  -0.0001901
407.80  -0.0001895
407.90  -0.0001884
408.00  -0.0001898
408.10  -0.0001904
408.20  -0.0001907
408.30  -0.0001909
408.40  -0.0001910
408.50  -0.0001881
408.60  -0.0001878
408.70  -0.0001885
408.80  -0.0001886
408.90  -0.0001890
409.00  -0.0001883
409.10  -0.0001901
409.20  -0.0001889
409.30  -0.0001882
409.40  -0.0001901
409.50  -0.0001908
